PLOT LOG FILE FOR 2024-02-23 18:21:34.623810

J_array = [-13.862943611198906, -24.423470353692043, -6.1903920840622355, -24.423470353692043]
P_array = [-2.5418935811616112, 6.591673732008657, -2.5418935811616112, 6.591673732008657]
w_array = [81.35732227375028, 60.56500259181835, 147.77649937256945, 124.76649250079015]

mean_list = [-13.862943611198906, -24.423470353692043, -6.1903920840622355, -24.423470353692043, -2.5418935811616112, 6.591673732008657, -2.5418935811616112, 6.591673732008657, 81.35732227375028, 60.56500259181835, 147.77649937256945, 124.76649250079015]