PLOT LOG FILE FOR 2024-03-13 17:27:41.724248

J_array = [-20.907410969337693, -30.550488507104102, -15.85627263740382, -28.060150147989074]
P_array = [-1.2163953243244932, 8.833316937499324, -1.2163953243244932, 8.833316937499324]
w_array = [-138.44395575681614, -138.44395575681614, -138.44395575681614, -138.44395575681614]
