PLOT LOG FILE FOR 2024-03-03 06:17:46.554002

J_array = [-4.054651081081644, -19.924301646902062, -0.0, -12.083112059245341]
P_array = [-6.591673732008658, 1.8571176252186712, -4.1588830833596715, 4.549042468104266]
w_array = [-167.03761889472233, -187.23627477210516, -143.08737747657977, -167.03761889472233]

mean_list = [-4.054651081081644, -19.924301646902062, -0.0, -12.083112059245341, -6.591673732008658, 1.8571176252186712, -4.1588830833596715, 4.549042468104266, -167.03761889472233, -187.23627477210516, -143.08737747657977, -167.03761889472233]